$ANSIBLE_VAULT;1.1;AES256
30646536306438333138346566663766656338653938393165633034303565333539313336383838
3032663633363466306264653930653838623539646566350a353762386466643163356633616336
33656338366432623630633333333739363966656638653335663934613263353036396663663835
6661383039626563340a396137353339656432656430373836613135636438363039646162616138
62393034333839373935316665393865376263313464313333353462343864663038653865316632
64343163616563623732353030633662393934306236643037383264323666313361393136653766
65313037313933653663383132373661313436633637303238363539383166373264646233356161
31306630333930623965313833626633383465313165633730346564313032613634623233396134
62326234616533636664623132626563663038393461323664343432393737353564636335643536
38643135336432353365303839326533643564323161346137323238333366383836306262643736
34306633646262336532333937306431653761333464346363626232636439613864363135393762
66396438313632393930663030353435363438633736396239653034336137396564313638393939
65616437356233323835393866353234656634346666353164323033343935386665613466353031
34383334353732663565386161636531396630333132656631333062316230353631313664343163
36656165616635313531363732336161393039356163363339666165336235346633346466326139
64353263666665306430663961623762323466306564343237353731643039643833333663643063
37633862306534323938643534366661643836616262303663336632663537616366386464353834
35636361333462343934346530393533376238626265636135366538646236343363646164613866
34643231336230393739643332633637353733373933623638303263396234633364393662663536
36646439663263383265636631313863616337393632653263613036313932366161353666393161
38323631383038383038373537303035636338333463636232373236303531666364343764633365
63643564353766346538363631343866393830653737666235366164393830343731313332376334
36646433383635316331356538613633386637616261323439396631326433333732353262393135
34653962326164363936346639633662333136333239373536663264666330666135303533663335
31636332303239656534653034333831623732383234316462663762616432383464633561336565
64373232656463343631393637663434633032356165633839623962623934393436376639393235
30366566326432643661643134636334643838353537653663323432363638646131396663393235
62316139623464326531396462353062613939646232633034366637393639326330663964366133
30346464333337386434313933643463373439306131303230363431313037333066383936646534
39323036663963393636663735623734326531353836353565656662316331343438373462666438
39656134356561346439616462316632613364303362343166656662616263626335383538353164
33613533653361633861656133386433656432636536393037643834313730626130333332356230
63376364303833396439336238363031666336313664386562663665353934323633656434306436
35616330323864653136393838613161326466393566383864653032323965326331393938333662
64333631386537393430643630643663613237656164613830333038323436306236303637303761
63666662623134323336316130336135383261373834656633333162363435353934643562336332
33303637313163376666313366393963656539396539323038383834343366306661363839623561
66373133373735656266373166613138393830663263643637636234636136373466326237346431
36313066336566303430366565373362656266623866656336613133323531393564376336386162
39656131333339373436653664376364353935303761653636303635383635306130326137636262
37663661623235373633386539363737326333346632343636653433353662633633306330646337
36663463386434326334316530623833633130613235623465646633363761323664656535343632
64346335323031663035663138313063363336363532613936393662336532363564623861306262
32353033373664613263623038326435653731353264333336363832383066303464653361316263
31636632396536353462343234306661313431343066373064623136306566333031393735336131
37653439376536623862626237656664323665396538316433626339643439323134626532623732
66636239313331313664363631376530663766323761633735373036643863383265613635393236
62373932653063303637633733343730643862316362666133656639353361313133613935663033
35316538353766636663396334333563663731306462623066373435363063656438363062346632
36646337633961363635313137383334386635373762396335393133323034343032393738656330
39636465633739373839363566303636636164373935656630303032616139656630373266396233
33653662393265353230653832333961363937373035356333316639633034663536373035656562
35663630626637663634333961363138313031666563396334326461636431333136323432376238
34663961643237313531656435363366343364643262303533623637363066343062366463396362
66316466343339666430396638613866383539373037303134316634303232663731653033326362
38343463346435303864386433343562386134333235343966393564633432383931303662316237
61346634323563346666643566623731636631343538326137396266313464333736356263313438
36343464366638356430393162613361303234373466643637653763376164643361373363396663
64333636613936306230376131643539666132306138316133323339353833656466383365663735
66396530313635663966323961376636346537306662363638353736383137363035326536663730
33323335373630383164313136343039656233363762346431613063323663643761393337626561
66636661303938343563623735633938373138316130316263356137316233306638313036353239
65623838323362646436396130356637313030666337623534633630326635383130323762333730
38386239613833393537646164626262393166636164616335633733626561323634643961643862
64633536303033363639326663663934396237666530643066376136333561363639373132323765
32353639613337343863396163343732643930656536326533353637353266333939396536356435
35646434366432376263633131613063353864313738396534313536386539613532643865333037
36393635306639316232623965306665326162626137656438333436643435393734666431623331
32366562396230366632303966653232336137396231613761663438353164303635336363656237
62303761376435333234363838626265393437306664613838343963643836356231313230343236
36306163343939653334346530653563313135626533656533653666626639373837623936336566
30356336636437383038326364656664653731653035666465353363346337623263346530356339
33633237313261323361343638613432326334373432666137656132306433303836336161303664
30636262623261616532643730623739336563363933333333636662383437363137376264306462
65616461626137336436366231393239346265326138333261633734343431336165373130666532
38346532666239666133613034333037636164323134613230656366383530363366356262663332
65373263633134313630316364666366343833613733653939633031383437626162316239343330
32636462306661343838616633363337356231356165316666616262323832336230613233333039
66616336323430613237346263313962623434613761346263326131306563613033653236333636
39663337326265313730333338656137653033353665363037363630366533666536303332346237
30633765343666653336376165396137646664363631363132333730613164313262356433396436
63613665303830373536643638623637393563383830663537636531336438366538313933336565
65643966666636323861313132393761393632306464303039353262366330386239336334323265
37653636383039366263373132366539303832623266376565366335633764636165383733306639
63373836366666656666323538656166306139333236396133353966383335393932336364343131
66653639643936373862663265323761636234666463643065363136653239663037306566353766
36396239313532333362663536316335393831386133646566383061313666346137656633623934
34306663383438393764613236343136343831626332303638646439623937383861323963396339
65616633626431643333323462626462356632613736376663303034353066343437383135373733
30376363613335646233333539393933353263373736376639643866613638326638613733303066
37643836663362376232303934336133306236366334643730633733653762353163333237303861
34376531623362613435336162353936656561356634333265323832333066333537633662626639
61363862613937333833643934386339393765623534663134646332313366653037316565653034
63326465346233336534646365396533633835303735616563623733666535356133356534613633
37663330363134623866353636313335363233373366366133313831363062373739383833366436
64626666666663386638383862613235653364373932363439373438623038356565643665636665
63333566666532353962316430386266383632666362623264396565356465643034663238376461
64326433346337383261333336666334323930336162323733396664396137626265613461383563
64316566373737623366396639616535383065616533353564373765626664383038646265646139
63623663356161303037323462373734323036346434653461626662653061653530353533346637
37333932353234393164383430623038306535306337306361636238313266396233353261316639
66636364376630336433383530653632303666346130636432386333616334316661623163356635
39316231643562373263303061316130313965656137643733633835376430636464303162383439
39383363663466383761613334373130393264363930383465313164376239636339343838616432
66313138343930343339383939376661643831313436623062363634346261326537636366633833
39633134623263643038653831316366636635666439326265323433623761633937366134323334
38656433353532333132353963323734653335613536313261643739663931393532313331396635
31306265373339623362386139316563393032616233396164663363643939346665623931333632
35333365366237313433383431613463333035643038313761326435323034633933336633356136
38333233386536366431313332353932633136616161396266336131643962313133636461383634
37346334373064383062653362633332623939656232616135336666356637616630663363623832
37346165643966393361383663616537646365616563666637383034316132613861663936633430
38353964666233646330393338303065303465393364353235383066323462623432386538353037
36373033663831386538326638393939643437346462343038326135636332626532333762633836
36323065303139393466626661633538313335656139356364623434326561336463623133623365
63313237393737346638313635613036396331333662313164343938376534383765383635613131
61326232636136643661386663353231313439393535643462393938613835663538633061373537
32393936353634653732346264393235393136663233303338383830366637623235663435356435
66623565626335626463636465393265666638613833363830386631346262623961626361623138
62636263643361306535303636636530393434373133616639653561396238626263373937353864
33623936343463303665623438396234613266346135623334316637303132396461663831386232
61626630383466396439383162356432656439373766303332343564343138373436366365623964
65323565643434333263393363383764303062636437303166336262363431373634316539353934
61333431346463313532633531613764626333383765386130393339623839303532373730653039
30623238396537653266643161343363303866633930623235396231643736356561353530663137
36313736303333383738643730323331383362353235656238326137363239356232343363393362
63313232616335356338633865313638646131336663333935613236393262616564323365303465
32343737646430356139353839343161326165373533313763356639383138663033623836663566
62656461666639616534313036363731323633616432626534383330616433343434383236376666
65646661383065613339323233643262633838666363613762303032373433336362666162656637
39316266366266613539326666326438633730396561336564343230383034643334316139313764
34333862633436666166623863363036383336663264396265626366623132393434333438393635
34376630363030666533363531323539353235393135336639373566373261346239643430623139
33663439613135353930396464636230396161336361636362303134386666663531643231376234
363931663661343335356663626536346136
